1
1
1
1
1
1
85
5
4
1
1
66
1
3
6
1
1
4
1
1
1
1
3
1
1
13
1
1
10
1
1
212
1
1
1
41
1
1
2
1
1
1
1
1
1
1
69
1
1
1
1
1
1
1
10
1
1
1
1
1
1
1
1
1
1
2
1
1
1
1
1
190
21
1
10
1
2
3
1
1
10
3
9
1
1
1
1
2
1
1
1
1
59
1
1
1
1
1
1
1
2120
1
1
1
1
1
1
12
1
7
136
1
2
1
1
1
138
1
5
109
12
1
2
1
1
1
1
18
1
1
1
1
48
1
2
1
2
25
1
1
1
1
1
1
1
1
1
1
1
1
474
1
1
2
1
1
1
1
1
5
1
1
1
1
1
1
1
1
102
10
1
1
1
1
1
1
1
1
1
1
1
3
1
1
1
1
1
1
1
7
1
1
1
1
1
1
1
1
7
1
1
110
1
1
1
1
1
1
1
1
1
1
1
1
1
1
1
1
1
1
2
3
5
1
2
1
1
1
1
1
1
1
1
3
1
1
1
1
1
2
1
1
1
1
4
7
13
1
1
1
1
4
1
1
6
1
3
1
4
1
1
1
1
1
3
1
74
1
1
1
1
20
1
1
1
1
1
38
1
1
1
1
1
1
1
5
1
1
3
1
1
1
1
1
1
2
1
3
1
1
1
1
1
43
1886
1
1
22
1
63
1
1
1
1
1
1
1
1
1
1
1
3
1
8
1
1
4
1
1
1
3
1
1
1
1
1
1
5
49
1
3
230
1
1
1
1
1
1
1
1
1
1
1
1
26
1
2
1454
1
1
1
14
1
3
1
1
1
1
1
1
1
1
4
215
1
1
1
1
1
3
2
12
1
1
1
1
1
1
1
1
22
1
1
1
4
1
4
1
1
1
32
1
1
1
1
2
5
1
1
1
1
6
1
1
1
1
1
5
1
1
1
1
1
1
1
1
1
1
1
3
1
2
36
1
1
1
4
1
27
1
1
1
1
2
43
1
1
1
3
7
1
1
1
1
1
1
1
1
1
1
1
9
1
7
1
4
4
1
1
1
1
1
1
1
1
4
1
5
1
1
9
1
1
1
2
1
1
2
3
6
1
1
1
2
101
1
1
1
1
1
1
1
1
1
1
1
1
1
1
1
1
1
79
1
1
1
1
1
1
1
1
1
5
1
1
3
1
1
13
1
1
12
1
1
1
1
10
1
2
1
1
1
4
1
1
1
1
1
1
1
5
1
1
1
1
1
1
1
1
1
1
1
1
1
3
1
1
1
1
1
1
1
1
4
1
1
1
1
1
2
1
1
1
1
1
12
1
97
1
1
1
1
1
19
1
1
1
1
3
1
1
1
1
1
1
1
1
1
1
1
1
1
1
4
1
39
1
1
1
1
1
1
1
5
1
187
1
4
1
7
1
2
1
1
1
1
1
4
1
1
1
1
1
1
6
1
1
3
1
1
2
1
1
1
1
1
1
1
1
1
1
1
16
5
1
3
9
1
1
1
1
1
1
1
1
1
1
1
1
1
22
1
1
1
1
1
1
7
1
1
1
1
77
1
1
49
6
1
1
1
1
1
1
1
1
1
1
1
5
1
1
1
1
1
1
1
9
1
1
1
5
1
1
1
1
1
1
1
7
1
1
7
1
1
1
50
1
1
1
1
1
9
1
1
1
3
1
1
1
1
1
1
1
1
11
1
1
1
1
1
1
12
2
1
1
1
1
1
1
1
1
1
4
1
1
8
2
1
1
2
1
1
1
3
1
1
1
1
1
3
1
1
4
1
1
1
1
1
1
11
1
1
1
1
1
1
1
2
1
1
1
19
1
1
41
1
1
1
1
1
1
118
4
1
1
32
7
1
1
1
1
1
1
1
1
1
1
1
1
1
1
1
1
1
1
1
1
1
3
1
1
1
1
1
1
1
1
1
1
1
1
30
1
1
1
9
1
1
1
4
1
1
1
1
1
1
1
1
18
39
1
13
293
1
1
1
1
1
1
1
5
15
1
3
1
1
1
1
1
1
1
1
4
41
1
1
1
37
1
1
1
1
1
8
6
1
1
1
7
1
1
1
3
1
1
19
1
1
1
3
1
3
3
1
6
1
1
1
1
1
1
1
2
1
1
1
1
1
1
4
1
242
1
1
2
1
1
1
6
1
1
58
284
4
3
1
1
1
1
1
1
1
1
27
1
1
1
1
593
1
1
8
1
6
1
1
1
1
2
1
1
1
1
1
4
4
1
1
1
1